0 7 1
1.4 6.8 1
2.6 6.3 1
3.8 5.7 1
4.8 4.8 1
5.5 3.7 1
6.1 2.5 1
6.4 1.3 1
6.5 4e-16 1
6.3 -1.2 1
5.8 -2.4 1
5.2 -3.5 1
4.4 -4.4 1
3.4 -5.1 1
2.3 -5.6 1
1.2 -5.9 1
7.3e-16 -5.9 1
-1.1 -5.7 1
-2.2 -5.3 1
-3.2 -4.8 1
-4 -4 1
-4.6 -3.1 1
-5.1 -2.1 1
-5.3 -1.1 1
-5.4 -9.9e-16 1
-5.2 1 1
-4.9 2 1
-4.3 2.9 1
-3.6 3.6 1
-2.8 4.2 1
-1.9 4.6 1
-0.96 4.8 1
-1.2e-15 4.8 1
0.93 4.7 1
1.8 4.4 1
2.6 3.9 1
3.2 3.2 1
3.7 2.5 1
4.1 1.7 1
4.3 0.85 1
4.3 1.3e-15 1
4.2 -0.83 1
3.9 -1.6 1
3.4 -2.3 1
2.9 -2.9 1
2.2 -3.3 1
1.5 -3.6 1
0.75 -3.8 1
1.4e-15 -3.8 1
-0.72 -3.6 1
-1.4 -3.4 1
-2 -3 1
-2.5 -2.5 1
-2.9 -1.9 1
-3.1 -1.3 1
-3.2 -0.64 1
-3.2 -1.4e-15 1
-3.1 0.62 1
-2.9 1.2 1
-2.5 1.7 1
-2.1 2.1 1
-1.6 2.4 1
-1.1 2.6 1
-0.54 2.7 1
-1.3e-15 2.7 1
0.51 2.6 1
0.98 2.4 1
1.4 2.1 1
1.7 1.7 1
2 1.3 1
2.1 0.88 1
2.2 0.43 1
2.2 1.2e-15 1
2 -0.41 1
1.9 -0.77 1
1.6 -1.1 1
1.3 -1.3 1
1 -1.5 1
0.67 -1.6 1
0.33 -1.7 1
9.9e-16 -1.6 1
-0.3 -1.5 1
-0.57 -1.4 1
-0.79 -1.2 1
-0.95 -0.95 1
-1.1 -0.71 1
-1.1 -0.46 1
-1.1 -0.22 1
-1.1 -2.6e-15 1
-0.99 0.2 1
-0.87 0.36 1
-0.73 0.49 1
-0.57 0.57 1
-0.41 0.62 1
-0.26 0.62 1
-0.12 0.59 1
-4e-16 0.54 1
0.092 0.46 1
0.15 0.37 1
0.19 0.28 1
-0 -7 0
-1.4 -6.8 0
-2.6 -6.3 0
-3.8 -5.7 0
-4.8 -4.8 0
-5.5 -3.7 0
-6.1 -2.5 0
-6.4 -1.3 0
-6.5 -4e-16 0
-6.3 1.2 0
-5.8 2.4 0
-5.2 3.5 0
-4.4 4.4 0
-3.4 5.1 0
-2.3 5.6 0
-1.2 5.9 0
-7.3e-16 5.9 0
1.1 5.7 0
2.2 5.3 0
3.2 4.8 0
4 4 0
4.6 3.1 0
5.1 2.1 0
5.3 1.1 0
5.4 9.9e-16 0
5.2 -1 0
4.9 -2 0
4.3 -2.9 0
3.6 -3.6 0
2.8 -4.2 0
1.9 -4.6 0
0.96 -4.8 0
1.2e-15 -4.8 0
-0.93 -4.7 0
-1.8 -4.4 0
-2.6 -3.9 0
-3.2 -3.2 0
-3.7 -2.5 0
-4.1 -1.7 0
-4.3 -0.85 0
-4.3 -1.3e-15 0
-4.2 0.83 0
-3.9 1.6 0
-3.4 2.3 0
-2.9 2.9 0
-2.2 3.3 0
-1.5 3.6 0
-0.75 3.8 0
-1.4e-15 3.8 0
0.72 3.6 0
1.4 3.4 0
2 3 0
2.5 2.5 0
2.9 1.9 0
3.1 1.3 0
3.2 0.64 0
3.2 1.4e-15 0
3.1 -0.62 0
2.9 -1.2 0
2.5 -1.7 0
2.1 -2.1 0
1.6 -2.4 0
1.1 -2.6 0
0.54 -2.7 0
1.3e-15 -2.7 0
-0.51 -2.6 0
-0.98 -2.4 0
-1.4 -2.1 0
-1.7 -1.7 0
-2 -1.3 0
-2.1 -0.88 0
-2.2 -0.43 0
-2.2 -1.2e-15 0
-2 0.41 0
-1.9 0.77 0
-1.6 1.1 0
-1.3 1.3 0
-1 1.5 0
-0.67 1.6 0
-0.33 1.7 0
-9.9e-16 1.6 0
0.3 1.5 0
0.57 1.4 0
0.79 1.2 0
0.95 0.95 0
1.1 0.71 0
1.1 0.46 0
1.1 0.22 0
1.1 2.6e-15 0
0.99 -0.2 0
0.87 -0.36 0
0.73 -0.49 0
0.57 -0.57 0
0.41 -0.62 0
0.26 -0.62 0
0.12 -0.59 0
4e-16 -0.54 0
-0.092 -0.46 0
-0.15 -0.37 0
-0.19 -0.28 0
